5_-4    0.73    0.00    -0.73 
5_-4    0.73    0.00    -0.73 
5_-4    0.73    0.00    -0.73 
5_-4    0.73    0.00    -0.73 
5_-4    0.73    0.71    -0.02 
5_-4    0.73    0.70    -0.02 
5_-4    0.73    0.70    -0.02 
5_-4    0.73    0.68    -0.04 
5_-4    0.00    0.73    0.73 
5_-4    0.73    0.73    0.01 
5_-4    0.73    0.73    0.01 
1_-6    0.76    0.74    -0.02 
1_-5    0.76    0.74    -0.02 
1_-4    0.76    0.74    -0.02 
1_-3    0.76    0.74    -0.02 
1_-2    0.76    0.74    -0.01 
2_-6    0.76    0.74    -0.01 
2_-5    0.76    0.74    -0.01 
2_-4    0.76    0.74    -0.01 
2_-3    0.76    0.74    -0.01 
2_-2    0.76    0.75    -0.01 
3_-6    0.76    0.74    -0.01 
3_-5    0.76    0.74    -0.01 
3_-4    0.76    0.74    -0.01 
3_-3    0.76    0.74    -0.01 
3_-2    0.76    0.76    -0.00 
4_-6    0.76    0.75    -0.01 
4_-5    0.76    0.75    -0.01 
4_-4    0.76    0.75    -0.01 
4_-3    0.76    0.75    -0.01 
4_-2    0.76    0.76    0.00 
5_-6    0.76    0.75    -0.01 
5_-5    0.76    0.75    -0.01 
5_-4    0.76    0.75    -0.01 
5_-3    0.76    0.75    -0.01 
5_-2    0.76    0.76    0.00 
6_-6    0.76    0.75    -0.00 
6_-5    0.76    0.75    -0.00 
6_-4    0.76    0.75    -0.00 
6_-3    0.76    0.75    -0.00 
6_-2    0.76    0.76    0.01 
7_-6    0.76    0.75    -0.00 
7_-5    0.76    0.75    -0.00 
7_-4    0.76    0.75    -0.00 
7_-3    0.76    0.75    -0.00 
7_-2    0.76    0.76    0.01 
8_-6    0.76    0.76    0.00 
8_-5    0.76    0.76    0.00 
8_-4    0.76    0.76    0.00 
8_-3    0.76    0.76    0.00 
8_-2    0.76    0.77    0.01 
9_-6    0.76    0.76    0.00 
9_-5    0.76    0.76    0.00 
9_-4    0.76    0.76    0.00 
9_-3    0.76    0.76    0.00 
9_-2    0.76    0.77    0.01 
10_-6    0.76    0.76    0.00 
10_-5    0.76    0.76    0.00 
10_-4    0.76    0.76    0.00 
10_-3    0.76    0.76    0.00 
10_-2    0.76    0.77    0.01 
11_-6    0.76    0.76    0.00 
11_-5    0.76    0.76    0.00 
11_-4    0.76    0.76    0.00 
11_-3    0.76    0.76    0.00 
11_-2    0.76    0.77    0.01 
12_-6    0.76    0.76    0.01 
12_-5    0.76    0.76    0.01 
12_-4    0.76    0.76    0.01 
12_-3    0.76    0.76    0.01 
12_-2    0.76    0.77    0.01 
13_-6    0.76    0.76    0.01 
13_-5    0.76    0.76    0.01 
13_-4    0.76    0.76    0.01 
13_-3    0.76    0.76    0.01 
13_-2    0.76    0.77    0.02 
14_-6    0.76    0.76    0.01 
14_-5    0.76    0.76    0.01 
14_-4    0.76    0.76    0.01 
14_-3    0.76    0.76    0.01 
14_-2    0.76    0.77    0.02 
